:
No
OIIBITA,MNH
No1, °C
N°2, °C
N°3, °C
as
,
°C
°C
t1
t2
t3
t4
t5
t6
t7
t8
1
25,82c
25,1
22,1
22,7
22,2
22,6
2717
40,8
44,5
2
26,15c
28,8
22,1
23.1
22,1
23.2
23,2
40,5
44,0
3
25,25
31.2
22,2
23,5
22,1
23,6
23,7
40,3
44,0
4
25,80
33,0
23,1
23,8
22,2
23,9
24,0
40,1
4319
5
25,80
34,4
24.1
24,2
22,3
24,4
24.7
40,1
44,0
6
26,02
35,3
25.4
24,6
22,6
24,9
25,0
40,0
44,0
7
25,38
36,4
26,9
25,1
22,9
25,4
2515
40,0
44.0
8
26,12
37,1
2811
25,5
23,2
2518
26,0
4011
44,0
9
23,65
37,4
2818
2517
23,4
26,0
26,2
40,1
44,2
10
25,17
37,8
29,4
25,8
23,6
26,3
26,4
4011
44,3
11
2583
38,1
30.0
20,2
23,8
26,6
26,6
40,2
44,2
12
24,37
3815
30,8
26,2
24,0
26,7
27,0
40,1
44.3
13
25,72
38,88
314
26,3
24,0
26,9
2711
40,2
44,0
14
24,25
39,0
32,0
26,6
24,3
2711
27,2
40,1
44.2
15
2515
39,0
36,0
26,8
24,4
2713
273
40,1
4M4
16
25,33
39,5
33,2
26,8
24,5
27,5
27i7
40,1
44.0
17
25,36
3 $ 6
33,6
27,0
24,7
27,7
27,8
40,1
44,0
18
25,78
39,7
36.6
27,2
25,0
27,7
2719
40, 1
44,0
19
25,9
40,1
24,7
27.5
25,0
2817
28,2
40,1
44,2
20
25,0
40,3
35,0
27,5
25,3
28,3
2814
40,2
44.2
21
25,9
10, 5
35,5
27,7
25,4
28,3
28,6
40, +
49,2
22
25,53
40,5
35,9
27,9
2515
2816
28,8
40,2
44,2
23
25189
40,8
36,4
28,0
25,7
28,8
2819
40,3
44,2
24
25,32
41,0
36,9
2813
26,0
2819
29,0
40,2
44,2
25
2518
41.7
37,2
28,9
2671
29,1
29,3
40,3
44,3
26
26,42
41,13
37,6
28,5
26,2
29,4
29,5
40,5
4413
27
25,73
41,3
38.0
2816
26,5
29,6
29,7
40,5
44,2
28
26,0
41,6
38,2
28,8
26,6
29,7
2918
40,3
44,2
29
25,8
41,6
38,4
24,0
26,7
23, 9
30,0
40,5
44,2
25,38
41,9
38,7
25,1
27,0
30,2
3011
40,5
44,2
30
31
25,88
41,9
39,1
29,4
2711
342
393
40,5
44,2
32
2519
4d,9
39,4
29,4
27,2
30,3
30,6
40,5
44,2
33
25,9
4213
33,7
29,4
2715
30,5
30,8
40,6
hars
34
25,40
42,3
39,9
29,6
2716
30.7
30, 9
40,6
4414
35
25,83
42,4
40.0
29,6
276
30,9
31.0
40,8
44.3